Cartella-risorse/aletsch_32T.asc
ncols         703
nrows         697
xllcorner     636075
yllcorner     140725
cellsize      25
NODATA_value  -9999
[rows 342 to 379 of 697, columns 168 to 251 of 703]
3467 3475 3483 3491 3498 3547 3573 3582 3562 3516 3449 3439 3433 3421 3411 3401 3357 3347 3341 3336 3332 3326 3321 3317 3317 3315 3315 3318 3328 3348 3346 3351 3330 3309 3295 3286 3277 3269 3260 3250 3239 3228 3217 3206 3196 3186 3178 3170 3162 3155 3149 3142 3137 3133 3128 3124 3119 3111 3103 3095 3084 3071 3055 3044 3034 3024 3015 3008 3000 2993 2986 2980 2975 2971 2968 2965 2962 2959 2958 2957 2957 2958 2958 2959
3447 3456 3465 3469 3495 3548 3560 3569 3559 3542 3503 3421 3409 3403 3392 3378 3346 3336 3332 3328 3324 3319 3315 3311 3306 3304 3301 3302 3309 3316 3316 3319 3334 3318 3300 3290 3280 3272 3262 3252 3240 3229 3218 3206 3196 3186 3177 3169 3161 3155 3149 3143 3138 3133 3129 3125 3121 3115 3108 3100 3090 3081 3066 3053 3042 3030 3021 3013 3004 2997 2989 2982 2974 2970 2967 2965 2961 2959 2957 2956 2956 2956 2956 2957
3426 3437 3443 3449 3505 3536 3545 3553 3543 3530 3500 3407 3390 3380 3370 3360 3342 3328 3322 3319 3316 3314 3309 3305 3300 3297 3296 3296 3297 3298 3302 3302 3309 3323 3306 3293 3283 3274 3264 3253 3241 3230 3220 3209 3197 3188 3178 3170 3162 3155 3150 3144 3138 3134 3130 3126 3123 3119 3111 3104 3097 3087 3075 3063 3050 3037 3026 3017 3008 2999 2992 2984 2976 2969 2966 2963 2961 2959 2957 2956 2954 2954 2955 2955
3407 3417 3424 3443 3474 3503 3524 3538 3523 3490 3442 3385 3374 3365 3356 3345 3331 3319 3314 3311 3308 3307 3304 3300 3296 3293 3292 3291 3293 3292 3293 3294 3298 3320 3315 3298 3292 3281 3270 3256 3245 3233 3222 3211 3199 3189 3181 3173 3165 3157 3151 3145 3139 3135 3132 3128 3124 3121 3116 3109 3102 3092 3080 3071 3056 3043 3031 3020 3011 3002 2993 2986 2978 2971 2966 2961 2960 2958 2956 2955 2954 2953 2953 2953
3388 3398 3406 3440 3448 3470 3517 3530 3508 3468 3432 3395 3359 3351 3344 3334 3317 3309 3304 3303 3301 3300 3298 3295 3291 3288 3287 3287 3287 3286 3285 3287 3296 3309 3314 3309 3301 3292 3279 3265 3250 3235 3222 3211 3201 3193 3185 3176 3167 3158 3152 3147 3141 3137 3133 3129 3126 3122 3118 3111 3105 3098 3088 3077 3063 3049 3036 3025 3014 3004 2995 2986 2978 2972 2967 2963 2959 2957 2956 2954 2953 2952 2951 2951
3375 3379 3395 3415 3431 3487 3511 3525 3512 3468 3426 3379 3349 3339 3329 3320 3311 3301 3297 3296 3295 3294 3292 3289 3286 3284 3283 3282 3281 3280 3278 3279 3289 3298 3305 3309 3307 3303 3300 3293 3268 3241 3227 3215 3206 3195 3187 3179 3169 3160 3154 3148 3143 3138 3134 3130 3127 3123 3120 3114 3107 3101 3092 3081 3069 3056 3042 3028 3016 3006 2996 2987 2979 2973 2968 2964 2959 2957 2956 2954 2953 2951 2950 2949
3366 3371 3379 3400 3450 3490 3502 3514 3522 3475 3426 3368 3345 3330 3320 3311 3301 3297 3294 3291 3289 3288 3286 3284 3281 3280 3278 3277 3276 3275 3274 3271 3278 3288 3297 3301 3302 3301 3322 3333 3306 3275 3256 3231 3212 3199 3190 3180 3171 3162 3156 3150 3143 3138 3135 3131 3127 3123 3120 3115 3109 3103 3096 3085 3074 3061 3047 3032 3018 3007 2997 2988 2979 2974 2969 2964 2959 2958 2956 2954 2953 2951 2950 2948
3358 3365 3373 3415 3472 3482 3494 3507 3523 3469 3385 3366 3339 3323 3312 3302 3297 3293 3290 3287 3285 3283 3281 3278 3276 3275 3273 3272 3270 3269 3268 3266 3267 3270 3275 3285 3294 3306 3341 3357 3329 3303 3273 3254 3227 3212 3194 3184 3174 3165 3157 3150 3144 3138 3133 3129 3125 3121 3118 3113 3109 3104 3098 3089 3079 3066 3052 3036 3023 3012 3000 2991 2981 2974 2969 2963 2959 2957 2955 2954 2952 2951 2950 2948
3352 3358 3378 3434 3459 3471 3483 3499 3520 3515 3395 3352 3332 3314 3301 3297 3294 3290 3287 3284 3281 3279 3275 3273 3271 3269 3268 3267 3265 3263 3262 3261 3260 3257 3267 3275 3283 3292 3300 3330 3363 3338 3316 3287 3252 3234 3212 3194 3179 3171 3160 3153 3146 3138 3133 3128 3124 3120 3116 3113 3109 3105 3100 3091 3082 3069 3056 3040 3028 3016 3004 2993 2983 2975 2969 2962 2958 2955 2953 2952 2950 2950 2949 2948
3346 3350 3400 3435 3445 3459 3473 3490 3504 3533 3425 3357 3324 3309 3297 3293 3291 3287 3283 3280 3277 3273 3270 3268 3266 3264 3263 3262 3260 3257 3255 3254 3254 3252 3261 3264 3273 3279 3286 3299 3323 3347 3338 3316 3300 3263 3237 3213 3194 3176 3165 3156 3148 3140 3135 3130 3124 3119 3115 3111 3108 3104 3100 3092 3083 3072 3059 3044 3031 3019 3007 2996 2985 2976 2969 2962 2957 2954 2951 2950 2948 2948 2947 2947
3339 3346 3401 3397 3432 3445 3458 3478 3499 3530 3489 3378 3328 3301 3292 3289 3287 3284 3281 3275 3271 3267 3265 3262 3261 3260 3257 3256 3253 3249 3247 3246 3247 3247 3252 3254 3262 3267 3273 3284 3308 3318 3336 3325 3308 3289 3271 3238 3217 3185 3173 3162 3153 3144 3136 3130 3124 3118 3114 3109 3106 3103 3099 3092 3083 3073 3061 3047 3034 3022 3011 2999 2988 2978 2970 2961 2955 2953 2950 2948 2946 2946 2945 2945
3321 3340 3359 3389 3403 3427 3448 3477 3499 3516 3462 3397 3344 3296 3286 3283 3283 3281 3276 3270 3265 3261 3258 3256 3255 3252 3249 3247 3244 3241 3238 3238 3239 3240 3242 3244 3250 3255 3262 3272 3285 3292 3315 3325 3308 3290 3274 3259 3239 3208 3185 3170 3157 3149 3142 3134 3127 3119 3114 3110 3105 3100 3096 3089 3082 3073 3062 3050 3037 3026 3014 3002 2991 2981 2970 2959 2954 2949 2947 2946 2944 2943 2943 2943
3310 3316 3351 3356 3400 3407 3424 3460 3491 3491 3466 3420 3335 3289 3278 3278 3277 3274 3270 3264 3259 3254 3251 3249 3247 3244 3242 3238 3233 3230 3228 3229 3231 3232 3234 3236 3239 3243 3251 3259 3268 3273 3298 3313 3309 3293 3276 3261 3241 3218 3196 3179 3164 3154 3146 3138 3130 3122 3115 3110 3104 3098 3092 3086 3080 3073 3063 3051 3040 3029 3017 3006 2995 2984 2973 2962 2954 2948 2945 2943 2942 2941 2941 2941
3307 3299 3317 3329 3364 3381 3409 3457 3467 3474 3457 3422 3371 3289 3274 3272 3270 3266 3262 3257 3251 3247 3244 3242 3240 3236 3231 3224 3219 3218 3218 3221 3224 3225 3227 3230 3232 3235 3238 3246 3254 3250 3262 3292 3307 3294 3281 3264 3244 3226 3208 3191 3174 3161 3152 3142 3133 3125 3117 3111 3104 3097 3090 3084 3077 3070 3062 3053 3043 3032 3020 3009 2997 2987 2976 2964 2955 2948 2944 2940 2939 2939 2939 2939
3306 3298 3306 3318 3338 3377 3417 3434 3445 3451 3450 3416 3351 3286 3272 3266 3264 3260 3255 3249 3244 3240 3237 3235 3229 3225 3219 3212 3208 3207 3207 3210 3214 3217 3220 3223 3226 3228 3232 3236 3239 3239 3237 3257 3297 3296 3284 3270 3251 3234 3220 3205 3188 3174 3163 3152 3141 3132 3122 3114 3107 3099 3091 3083 3075 3067 3060 3052 3043 3033 3023 3011 2999 2989 2978 2966 2956 2948 2942 2939 2938 2937 2937 2937
3302 3300 3297 3307 3325 3360 3399 3412 3423 3429 3430 3412 3378 3287 3270 3261 3257 3252 3247 3241 3237 3233 3230 3227 3221 3215 3207 3200 3197 3196 3196 3200 3203 3206 3210 3215 3219 3222 3225 3228 3230 3230 3230 3237 3262 3269 3285 3275 3258 3240 3228 3217 3203 3187 3174 3161 3150 3140 3131 3120 3113 3104 3095 3086 3076 3068 3059 3051 3043 3034 3025 3013 3002 2991 2978 2965 2955 2946 2940 2937 2935 2935 2935 2935
3298 3296 3291 3297 3310 3329 3359 3382 3404 3404 3411 3387 3345 3300 3274 3256 3250 3244 3239 3236 3232 3228 3224 3219 3212 3206 3199 3193 3189 3186 3185 3187 3190 3195 3201 3205 3210 3214 3217 3220 3222 3223 3225 3231 3236 3249 3280 3278 3264 3246 3233 3225 3214 3200 3185 3172 3159 3149 3139 3129 3118 3109 3100 3090 3079 3070 3061 3052 3043 3034 3025 3016 3004 2993 2980 2967 2955 2944 2938 2936 2933 2933 2933 2933
3295 3292 3289 3294 3300 3309 3326 3352 3375 3375 3396 3374 3344 3314 3267 3252 3244 3238 3234 3230 3227 3223 3219 3214 3208 3201 3195 3188 3182 3178 3177 3177 3178 3183 3189 3195 3201 3204 3208 3210 3213 3217 3220 3223 3229 3235 3254 3255 3259 3251 3239 3230 3221 3208 3198 3183 3171 3160 3149 3139 3128 3116 3107 3096 3086 3076 3066 3056 3047 3037 3028 3017 3007 2997 2984 2971 2958 2947 2938 2934 2931 2931 2931 2930
3290 3287 3286 3289 3295 3297 3309 3326 3344 3382 3409 3406 3372 3334 3270 3245 3239 3235 3230 3226 3222 3218 3214 3210 3205 3198 3191 3184 3178 3174 3171 3171 3172 3175 3178 3183 3189 3193 3197 3200 3203 3206 3209 3214 3220 3227 3236 3244 3250 3250 3244 3235 3226 3216 3206 3195 3183 3173 3159 3148 3137 3125 3114 3102 3092 3081 3071 3061 3051 3042 3032 3021 3011 3001 2989 2978 2964 2953 2941 2936 2931 2929 2929 2929
3286 3285 3284 3285 3290 3294 3298 3324 3357 3390 3435 3450 3399 3345 3300 3239 3235 3231 3227 3222 3218 3214 3209 3205 3200 3194 3188 3181 3176 3170 3166 3165 3165 3169 3170 3174 3176 3180 3184 3187 3191 3195 3200 3205 3211 3217 3224 3240 3242 3240 3240 3235 3228 3220 3210 3202 3192 3182 3170 3157 3145 3133 3122 3111 3098 3087 3076 3066 3055 3045 3035 3024 3014 3003 2993 2982 2970 2960 2948 2939 2933 2929 2929 2928
3284 3283 3281 3281 3285 3288 3293 3311 3360 3405 3424 3435 3419 3381 3287 3255 3237 3230 3224 3219 3214 3210 3206 3201 3196 3191 3185 3179 3173 3168 3163 3159 3159 3160 3161 3163 3164 3167 3172 3176 3180 3185 3191 3196 3202 3208 3214 3223 3233 3234 3232 3229 3223 3219 3211 3203 3194 3184 3174 3162 3150 3138 3127 3117 3103 3091 3080 3069 3058 3048 3038 3027 3016 3006 2995 2985 2975 2965 2954 2947 2938 2933 2929 2929
3282 3281 3279 3278 3279 3282 3288 3296 3317 3382 3409 3417 3414 3406 3356 3280 3245 3233 3225 3218 3212 3207 3202 3197 3192 3187 3182 3176 3170 3165 3160 3156 3156 3156 3157 3157 3157 3158 3161 3167 3172 3177 3183 3188 3193 3199 3204 3213 3225 3229 3225 3222 3218 3213 3207 3199 3190 3182 3173 3163 3152 3140 3130 3119 3107 3095 3084 3073 3061 3051 3041 3029 3017 3006 2996 2986 2976 2966 2957 2947 2939 2934 2930 2929
3280 3279 3277 3276 3277 3278 3283 3290 3309 3361 3386 3399 3399 3394 3375 3306 3238 3231 3224 3217 3211 3205 3200 3193 3188 3184 3179 3173 3167 3161 3157 3153 3153 3153 3153 3154 3154 3155 3156 3159 3165 3170 3175 3179 3184 3189 3195 3202 3222 3223 3220 3217 3213 3209 3202 3195 3188 3180 3171 3161 3151 3140 3130 3119 3107 3096 3085 3073 3061 3050 3038 3026 3014 3004 2994 2985 2976 2966 2956 2946 2938 2934 2929 2929
3278 3277 3276 3274 3274 3276 3279 3282 3300 3332 3364 3375 3384 3376 3366 3321 3271 3222 3217 3217 3210 3203 3195 3190 3184 3180 3173 3168 3162 3157 3153 3149 3149 3149 3150 3150 3150 3151 3152 3155 3158 3163 3167 3170 3174 3179 3186 3196 3212 3215 3215 3212 3208 3204 3199 3192 3186 3178 3169 3159 3148 3138 3127 3116 3103 3091 3079 3066 3055 3044 3033 3022 3011 3000 2991 2982 2973 2964 2954 2944 2937 2933 2929 2928
3275 3275 3274 3272 3272 3274 3277 3278 3280 3306 3342 3351 3359 3364 3357 3346 3314 3233 3204 3211 3205 3200 3191 3184 3180 3174 3167 3161 3155 3151 3148 3146 3146 3146 3147 3147 3146 3147 3147 3150 3152 3155 3158 3161 3165 3170 3176 3184 3198 3206 3207 3207 3204 3200 3194 3189 3182 3174 3165 3155 3144 3132 3121 3109 3096 3083 3071 3059 3048 3038 3028 3018 3007 2997 2987 2979 2971 2962 2953 2944 2937 2933 2930 2929
3272 3272 3271 3270 3269 3270 3271 3272 3277 3306 3320 3327 3334 3343 3350 3342 3329 3305 3202 3199 3199 3191 3184 3178 3172 3166 3160 3153 3148 3144 3143 3142 3142 3142 3143 3143 3143 3143 3142 3143 3145 3147 3149 3152 3157 3161 3167 3174 3186 3195 3200 3200 3200 3194 3189 3183 3177 3169 3160 3148 3136 3123 3113 3101 3087 3075 3064 3052 3042 3032 3022 3012 3002 2993 2983 2975 2968 2961 2952 2943 2937 2934 2931 2929
3270 3270 3269 3268 3267 3266 3267 3267 3272 3288 3302 3303 3315 3339 3342 3335 3326 3305 3218 3189 3186 3182 3176 3170 3163 3158 3151 3145 3140 3139 3139 3139 3139 3139 3140 3140 3139 3139 3139 3138 3138 3139 3140 3145 3149 3153 3158 3166 3176 3181 3184 3186 3187 3183 3179 3179 3170 3162 3151 3140 3127 3115 3105 3092 3078 3067 3056 3046 3036 3026 3016 3007 2997 2988 2979 2972 2966 2958 2950 2941 2937 2935 2933 2931
3267 3267 3266 3266 3265 3264 3263 3263 3266 3267 3276 3291 3324 3337 3334 3327 3320 3289 3230 3188 3177 3173 3167 3161 3156 3151 3145 3139 3139 3138 3138 3138 3137 3138 3138 3137 3137 3137 3136 3135 3134 3134 3135 3138 3141 3146 3151 3158 3166 3170 3173 3175 3176 3175 3176 3174 3163 3154 3141 3127 3115 3108 3100 3085 3073 3058 3048 3037 3028 3019 3010 3001 2991 2982 2976 2970 2964 2957 2949 2942 2940 2939 2937 2935
3264 3265 3264 3263 3263 3262 3261 3260 3257 3254 3261 3305 3324 3329 3330 3320 3297 3273 3230 3189 3177 3168 3159 3155 3151 3147 3140 3138 3137 3137 3136 3136 3136 3136 3136 3135 3135 3134 3134 3132 3131 3130 3130 3132 3134 3136 3139 3146 3154 3161 3164 3166 3168 3166 3164 3159 3150 3141 3125 3113 3103 3095 3084 3070 3058 3049 3037 3029 3020 3012 3004 2994 2984 2977 2972 2968 2962 2956 2949 2947 2944 2942 2940 2937
3261 3262 3262 3261 3261 3260 3258 3256 3252 3244 3261 3289 3315 3321 3324 3316 3297 3267 3226 3193 3174 3164 3157 3153 3149 3144 3139 3138 3136 3136 3135 3135 3135 3135 3134 3133 3133 3132 3131 3130 3128 3126 3125 3126 3127 3127 3130 3133 3143 3150 3155 3158 3161 3157 3149 3143 3134 3119 3113 3102 3087 3077 3066 3056 3047 3037 3028 3019 3012 3005 2997 2988 2979 2974 2970 2965 2960 2956 2953 2950 2948 2945 2942 2939
3258 3259 3259 3259 3258 3256 3254 3251 3248 3242 3243 3262 3291 3295 3305 3299 3279 3258 3223 3188 3172 3160 3155 3151 3147 3143 3139 3138 3136 3135 3134 3133 3133 3133 3132 3132 3130 3130 3129 3127 3125 3123 3121 3121 3119 3119 3120 3122 3128 3136 3144 3144 3146 3139 3131 3122 3115 3107 3101 3097 3077 3064 3050 3043 3034 3023 3018 3012 3005 2998 2991 2982 2976 2973 2969 2966 2962 2959 2956 2953 2951 2948 2944 2941
3255 3256 3256 3255 3254 3252 3250 3247 3243 3240 3228 3232 3267 3269 3274 3283 3268 3248 3228 3189 3172 3159 3155 3152 3148 3144 3141 3138 3136 3134 3133 3132 3132 3131 3131 3130 3128 3126 3125 3123 3121 3119 3116 3112 3110 3110 3110 3111 3113 3122 3129 3125 3122 3119 3112 3107 3101 3086 3073 3066 3060 3046 3037 3031 3022 3016 3010 3005 2999 2993 2986 2978 2976 2973 2969 2966 2963 2961 2959 2956 2953 2949 2945 2942
3251 3252 3252 3252 3250 3248 3246 3243 3239 3234 3230 3220 3225 3240 3245 3265 3260 3251 3217 3194 3173 3161 3156 3153 3149 3146 3142 3139 3137 3134 3132 3131 3131 3130 3129 3127 3124 3122 3121 3118 3115 3112 3108 3105 3102 3100 3099 3100 3102 3108 3111 3109 3105 3101 3094 3084 3076 3066 3056 3047 3038 3033 3027 3020 3015 3010 3005 2999 2995 2988 2982 2978 2976 2973 2970 2968 2966 2963 2961 2958 2954 2950 2946 2943
3248 3249 3249 3248 3247 3245 3243 3240 3235 3231 3226 3222 3216 3214 3218 3232 3245 3268 3249 3196 3174 3165 3157 3154 3151 3147 3144 3141 3138 3134 3131 3129 3129 3127 3125 3123 3121 3118 3115 3111 3108 3104 3101 3098 3096 3094 3094 3092 3092 3095 3095 3091 3087 3080 3074 3068 3060 3052 3043 3035 3029 3024 3019 3014 3010 3006 3000 2996 2992 2987 2982 2979 2976 2974 2972 2970 2968 2965 2962 2959 2956 2952 2949 2946
3244 3245 3245 3245 3243 3241 3239 3236 3232 3227 3223 3218 3214 3209 3210 3211 3219 3229 3233 3224 3190 3161 3156 3153 3150 3147 3144 3140 3137 3134 3131 3128 3125 3124 3122 3120 3116 3112 3108 3104 3100 3098 3096 3093 3091 3089 3088 3087 3084 3085 3080 3077 3075 3069 3063 3056 3049 3040 3033 3026 3020 3017 3015 3012 3007 3002 2998 2995 2991 2987 2984 2981 2978 2977 2975 2973 2970 2967 2964 2961 2958 2955 2953 2950
3241 3241 3241 3241 3240 3238 3235 3231 3228 3224 3219 3216 3212 3208 3204 3203 3200 3205 3198 3199 3203 3166 3156 3153 3149 3146 3142 3139 3136 3133 3130 3126 3122 3121 3118 3114 3111 3106 3102 3098 3095 3093 3091 3088 3086 3084 3083 3081 3079 3077 3074 3068 3066 3058 3052 3045 3038 3031 3025 3019 3017 3015 3013 3009 3006 3001 2997 2994 2991 2989 2986 2983 2981 2979 2977 2975 2972 2969 2967 2964 2962 2959 2957 2953
3236 3237 3237 3237 3235 3233 3230 3227 3224 3220 3216 3213 3210 3206 3202 3199 3196 3196 3193 3192 3192 3182 3159 3154 3149 3145 3140 3137 3134 3131 3127 3123 3119 3115 3112 3109 3105 3101 3097 3094 3091 3088 3086 3083 3081 3079 3078 3077 3075 3073 3070 3065 3058 3052 3042 3037 3032 3028 3021 3017 3015 3013 3010 3008 3004 2999 2997 2995 2992 2990 2988 2985 2983 2981 2979 2977 2975 2973 2970 2967 2965 2963 2960 2956
3231 3232 3232 3232 3231 3228 3226 3222 3219 3216 3212 3209 3206 3203 3200 3197 3193 3191 3189 3187 3184 3180 3174 3157 3152 3146 3140 3136 3132 3128 3123 3118 3114 3110 3106 3103 3100 3096 3093 3090 3086 3084 3081 3079 3077 3076 3075 3073 3071 3069 3066 3061 3054 3047 3040 3034 3028 3023 3018 3016 3013 3011 3009 3006 3003 2999 2997 2995 2993 2991 2989 2987 2985 2983 2982 2980 2978 2976 2974 2971 2968 2965 2963 2960
