Cartella-risorse/aletsch_32T.asc
ncols         703
nrows         697
xllcorner     636075
yllcorner     140725
cellsize      25
NODATA_value  -9999
[rows 304 to 341 of 697, columns 0 to 83 of 703]
2450 2454 2457 2478 2486 2478 2483 2488 2481 2499 2533 2555 2576 2563 2568 2570 2572 2594 2605 2597 2596 2596 2611 2639 2645 2641 2658 2679 2695 2715 2731 2754 2777 2775 2785 2790 2802 2812 2821 2830 2838 2841 2854 2867 2876 2880 2889 2897 2907 2916 2923 2927 2936 2944 2952 2961 2977 2989 3002 3014 3030 3045 3056 3070 3082 3088 3094 3109 3143 3203 3229 3246 3275 3315 3384 3445 3488 3503 3525 3550 3572 3586 3596 3614
2454 2476 2476 2497 2509 2508 2509 2516 2511 2518 2539 2576 2600 2580 2580 2592 2598 2608 2622 2622 2616 2616 2633 2661 2663 2661 2674 2698 2725 2745 2767 2787 2809 2814 2817 2820 2831 2841 2845 2864 2866 2868 2876 2882 2887 2890 2895 2907 2920 2926 2932 2934 2940 2948 2956 2966 2981 2994 3006 3018 3038 3054 3070 3083 3094 3099 3106 3120 3170 3218 3258 3284 3298 3345 3415 3476 3507 3526 3545 3566 3591 3613 3631 3638
2460 2501 2501 2510 2527 2544 2551 2547 2543 2540 2558 2578 2613 2612 2609 2624 2622 2624 2640 2644 2643 2644 2652 2684 2680 2678 2683 2705 2746 2774 2795 2816 2835 2848 2850 2856 2861 2869 2867 2875 2882 2884 2887 2891 2896 2902 2908 2920 2930 2937 2942 2941 2943 2953 2960 2973 2985 2995 3007 3019 3041 3063 3083 3094 3106 3118 3122 3141 3188 3232 3265 3297 3347 3394 3456 3505 3527 3548 3566 3584 3605 3629 3651 3678
2471 2502 2508 2526 2543 2559 2574 2578 2571 2569 2580 2595 2622 2640 2643 2645 2642 2644 2655 2666 2673 2675 2677 2703 2698 2696 2704 2717 2759 2799 2820 2837 2860 2882 2883 2889 2890 2894 2887 2890 2902 2896 2898 2902 2912 2922 2929 2936 2943 2950 2954 2958 2957 2956 2966 2976 2989 3002 3019 3029 3050 3073 3088 3102 3118 3130 3141 3154 3196 3234 3266 3296 3379 3444 3503 3529 3542 3567 3586 3606 3628 3649 3671 3702
2471 2501 2519 2541 2558 2574 2588 2599 2599 2600 2600 2616 2640 2654 2660 2661 2665 2667 2675 2688 2696 2705 2705 2720 2742 2741 2757 2765 2770 2807 2840 2854 2896 2905 2917 2922 2922 2925 2912 2914 2926 2927 2928 2927 2933 2945 2950 2958 2963 2967 2977 2986 2991 2981 2972 2980 2998 3020 3026 3050 3063 3076 3096 3116 3130 3141 3153 3168 3197 3238 3274 3318 3398 3460 3480 3491 3499 3570 3606 3627 3647 3667 3703 3737
2481 2502 2517 2550 2574 2586 2594 2603 2614 2623 2628 2639 2654 2666 2673 2678 2682 2690 2698 2711 2727 2736 2740 2762 2775 2791 2802 2805 2802 2809 2837 2864 2905 2939 2950 2953 2953 2965 2944 2944 2946 2948 2951 2956 2961 2970 2978 2986 2991 2992 2996 3007 3017 3004 3004 3012 3025 3037 3038 3057 3070 3084 3112 3131 3141 3154 3162 3176 3198 3243 3290 3350 3407 3427 3448 3468 3516 3600 3631 3647 3666 3701 3730 3751
2492 2506 2519 2549 2580 2591 2599 2611 2624 2638 2649 2657 2668 2677 2685 2693 2697 2704 2715 2728 2746 2766 2780 2803 2804 2812 2812 2816 2817 2819 2837 2874 2920 2954 2984 2984 2985 3000 2976 2977 2972 2980 2989 2993 2998 3002 3007 3013 3017 3017 3029 3038 3051 3054 3058 3061 3073 3080 3068 3070 3085 3096 3119 3150 3163 3168 3176 3187 3208 3259 3316 3352 3376 3396 3437 3487 3546 3607 3656 3679 3704 3733 3746 3733
2504 2516 2535 2554 2577 2592 2614 2626 2639 2651 2661 2669 2680 2688 2696 2702 2710 2718 2730 2746 2767 2781 2800 2814 2820 2825 2826 2830 2840 2853 2855 2898 2932 2966 2996 3004 3008 3015 3030 3022 3011 3031 3029 3038 3040 3040 3040 3041 3045 3051 3053 3061 3074 3083 3101 3108 3109 3094 3091 3098 3105 3112 3134 3179 3178 3181 3192 3203 3232 3276 3319 3350 3381 3420 3479 3527 3578 3630 3678 3713 3731 3740 3724 3717
2514 2528 2549 2570 2592 2606 2625 2638 2652 2663 2671 2680 2691 2697 2707 2714 2721 2732 2747 2763 2776 2795 2810 2829 2848 2847 2843 2850 2863 2880 2871 2912 2945 2974 3000 3008 3017 3018 3035 3043 3045 3048 3056 3063 3067 3067 3065 3068 3072 3080 3084 3081 3085 3098 3110 3124 3122 3117 3134 3142 3157 3182 3190 3191 3200 3202 3210 3240 3300 3342 3367 3386 3424 3446 3501 3551 3606 3646 3685 3720 3737 3719 3711 3707
2529 2548 2565 2583 2603 2624 2640 2651 2663 2672 2680 2689 2702 2711 2719 2731 2738 2745 2760 2774 2789 2801 2825 2850 2865 2870 2880 2880 2882 2891 2892 2900 2947 2965 2992 2996 2997 2995 3007 3014 3019 3028 3038 3049 3063 3086 3090 3096 3093 3095 3100 3107 3106 3112 3120 3135 3150 3166 3181 3187 3192 3204 3215 3210 3218 3217 3239 3262 3300 3362 3407 3425 3445 3493 3523 3566 3610 3649 3681 3708 3732 3713 3703 3697
2552 2565 2584 2598 2612 2628 2644 2661 2670 2680 2690 2698 2713 2724 2736 2749 2759 2766 2773 2787 2800 2818 2835 2856 2866 2877 2882 2889 2892 2897 2909 2927 2944 2954 2963 2973 2982 2990 2999 3007 3014 3024 3029 3037 3053 3071 3098 3119 3127 3138 3129 3133 3135 3133 3134 3148 3173 3188 3196 3207 3213 3221 3228 3232 3235 3242 3270 3321 3335 3366 3398 3437 3475 3502 3537 3573 3605 3644 3680 3720 3718 3701 3690 3681
2575 2583 2597 2609 2620 2631 2645 2664 2678 2687 2697 2710 2723 2735 2751 2763 2768 2778 2785 2797 2810 2825 2841 2858 2866 2874 2884 2893 2897 2905 2918 2930 2945 2957 2967 2976 2984 2992 3000 3008 3015 3023 3029 3035 3043 3060 3089 3111 3127 3143 3146 3151 3153 3154 3152 3162 3180 3200 3212 3224 3230 3235 3240 3245 3251 3276 3303 3339 3382 3403 3424 3453 3484 3520 3547 3584 3619 3655 3692 3726 3703 3688 3678 3673
2596 2604 2615 2624 2632 2642 2653 2668 2682 2693 2704 2717 2731 2745 2761 2769 2777 2785 2794 2805 2816 2832 2850 2863 2870 2877 2886 2897 2903 2914 2925 2936 2948 2956 2963 2974 2982 2990 3000 3009 3017 3025 3032 3038 3044 3053 3071 3100 3118 3140 3152 3164 3169 3170 3174 3179 3195 3209 3224 3232 3239 3246 3251 3257 3270 3299 3323 3360 3398 3426 3453 3481 3508 3536 3571 3599 3632 3668 3710 3711 3690 3678 3673 3668
2630 2630 2634 2637 2645 2652 2661 2672 2685 2697 2709 2721 2737 2755 2767 2775 2784 2793 2801 2810 2818 2834 2860 2867 2874 2884 2900 2904 2912 2921 2928 2937 2945 2952 2959 2969 2980 2990 3000 3009 3020 3027 3035 3042 3049 3056 3069 3084 3117 3134 3149 3166 3180 3188 3191 3201 3211 3219 3232 3241 3249 3256 3263 3272 3290 3315 3346 3382 3415 3443 3469 3492 3518 3552 3586 3624 3667 3704 3720 3700 3679 3675 3670 3664
2672 2678 2664 2660 2663 2665 2671 2679 2691 2704 2713 2728 2743 2761 2772 2781 2789 2798 2808 2815 2822 2835 2855 2871 2877 2889 2903 2912 2919 2925 2931 2938 2945 2952 2959 2968 2977 2988 3000 3012 3024 3033 3040 3045 3056 3064 3073 3080 3105 3128 3143 3162 3181 3197 3211 3220 3225 3233 3244 3252 3260 3269 3278 3288 3307 3337 3364 3402 3432 3461 3486 3512 3531 3566 3599 3633 3665 3692 3703 3685 3677 3673 3668 3663
2701 2711 2716 2719 2711 2690 2685 2692 2697 2718 2734 2744 2758 2765 2774 2788 2797 2809 2815 2825 2837 2848 2864 2873 2883 2894 2909 2920 2923 2929 2934 2941 2946 2952 2959 2967 2977 2988 3001 3015 3027 3038 3047 3053 3063 3072 3082 3091 3103 3123 3136 3162 3182 3195 3220 3233 3240 3251 3257 3265 3274 3284 3296 3308 3333 3360 3383 3415 3446 3473 3506 3534 3555 3578 3604 3636 3663 3680 3694 3679 3675 3671 3668 3664
2721 2729 2738 2748 2760 2751 2716 2729 2742 2763 2774 2771 2776 2784 2786 2814 2827 2839 2847 2850 2857 2872 2876 2881 2888 2898 2920 2924 2927 2933 2938 2945 2950 2955 2961 2969 2976 2989 3005 3021 3033 3044 3053 3062 3072 3081 3090 3101 3111 3123 3138 3156 3172 3197 3221 3240 3258 3268 3271 3275 3285 3298 3309 3323 3351 3376 3408 3430 3454 3479 3524 3551 3575 3594 3623 3653 3681 3689 3683 3680 3677 3673 3669 3665
2712 2728 2745 2760 2771 2779 2764 2774 2790 2800 2808 2800 2795 2806 2825 2847 2853 2868 2889 2893 2889 2886 2890 2891 2894 2907 2923 2929 2932 2937 2943 2950 2955 2960 2966 2971 2978 2992 3008 3024 3039 3049 3059 3069 3079 3089 3099 3107 3116 3130 3145 3158 3172 3187 3211 3241 3264 3277 3283 3288 3299 3317 3327 3348 3366 3397 3422 3448 3473 3512 3547 3570 3593 3616 3632 3655 3684 3701 3700 3687 3678 3674 3670 3666
2704 2717 2738 2762 2780 2786 2784 2795 2808 2819 2829 2828 2838 2844 2851 2866 2880 2902 2916 2926 2921 2906 2906 2905 2906 2918 2928 2933 2937 2941 2949 2956 2962 2967 2972 2978 2984 2996 3011 3027 3042 3055 3066 3076 3088 3097 3105 3113 3122 3136 3151 3164 3177 3191 3205 3223 3258 3276 3296 3309 3321 3338 3353 3370 3387 3409 3440 3466 3488 3522 3555 3585 3612 3637 3657 3681 3702 3706 3700 3690 3679 3675 3671 3668
2679 2712 2730 2747 2773 2783 2797 2805 2816 2828 2840 2848 2854 2861 2870 2885 2902 2913 2926 2937 2944 2947 2938 2932 2937 2948 2944 2942 2945 2952 2956 2964 2971 2977 2979 2985 2992 3002 3016 3031 3047 3063 3073 3083 3096 3105 3113 3120 3129 3142 3156 3169 3182 3198 3211 3226 3257 3277 3303 3321 3341 3357 3373 3390 3409 3441 3462 3481 3497 3532 3558 3592 3621 3658 3687 3709 3715 3714 3701 3690 3680 3675 3671 3668
2646 2688 2708 2724 2756 2769 2784 2800 2812 2825 2846 2861 2871 2880 2889 2904 2912 2922 2937 2946 2954 2965 2965 2959 2971 2978 2981 2967 2958 2967 2971 2973 2982 2989 2990 2991 2998 3009 3021 3035 3053 3073 3088 3095 3107 3115 3123 3128 3136 3147 3160 3173 3187 3203 3220 3234 3261 3285 3311 3336 3355 3374 3392 3413 3441 3460 3479 3496 3524 3551 3588 3617 3637 3664 3697 3721 3722 3717 3703 3691 3681 3676 3672 3667
2635 2651 2676 2706 2723 2740 2753 2778 2801 2817 2843 2864 2878 2890 2901 2912 2921 2931 2942 2951 2959 2976 2986 2987 3002 3006 3004 3000 2994 3000 3000 3000 3004 3004 3002 3001 3005 3020 3032 3051 3075 3092 3108 3115 3122 3128 3136 3139 3146 3155 3165 3178 3191 3211 3232 3252 3272 3294 3320 3346 3369 3389 3411 3439 3459 3481 3494 3520 3545 3576 3606 3632 3658 3685 3714 3726 3724 3714 3704 3692 3681 3675 3670 3666
2637 2648 2653 2663 2692 2705 2718 2746 2784 2809 2834 2862 2879 2889 2900 2912 2922 2930 2938 2944 2961 2979 2989 3000 3015 3023 3025 3024 3023 3024 3026 3029 3033 3027 3022 3028 3031 3040 3067 3084 3095 3122 3133 3138 3138 3143 3152 3155 3160 3172 3182 3200 3204 3223 3239 3259 3282 3305 3329 3355 3381 3397 3433 3457 3479 3495 3520 3545 3572 3604 3627 3651 3682 3712 3726 3733 3724 3714 3704 3693 3681 3675 3669 3663
2631 2637 2646 2654 2665 2680 2704 2724 2756 2801 2818 2845 2861 2885 2893 2904 2914 2922 2923 2923 2932 2963 2981 2995 3005 3020 3044 3046 3046 3045 3048 3056 3062 3060 3057 3059 3074 3080 3088 3097 3128 3148 3160 3166 3163 3161 3172 3174 3183 3192 3205 3216 3223 3234 3252 3272 3293 3321 3342 3366 3388 3414 3448 3476 3496 3520 3544 3568 3596 3619 3645 3673 3694 3735 3750 3738 3728 3716 3707 3696 3683 3674 3667 3662
2620 2633 2644 2654 2665 2679 2699 2711 2739 2788 2811 2834 2853 2872 2883 2897 2900 2895 2896 2908 2921 2938 2966 2981 2992 3008 3030 3062 3067 3072 3075 3080 3083 3079 3077 3083 3096 3109 3110 3121 3149 3171 3184 3191 3191 3194 3201 3208 3213 3217 3226 3234 3239 3255 3272 3290 3318 3338 3361 3389 3409 3438 3469 3494 3518 3540 3566 3590 3615 3639 3667 3699 3735 3764 3771 3748 3733 3720 3709 3699 3684 3675 3668 3660
2623 2635 2647 2657 2669 2681 2696 2710 2726 2764 2800 2815 2843 2860 2866 2872 2872 2874 2888 2903 2916 2931 2944 2969 2987 3004 3016 3047 3069 3081 3091 3103 3102 3097 3094 3099 3114 3125 3133 3142 3175 3193 3209 3220 3222 3227 3235 3250 3254 3251 3254 3262 3269 3281 3295 3314 3338 3360 3392 3415 3445 3472 3500 3522 3544 3564 3587 3611 3632 3659 3694 3726 3753 3788 3795 3759 3741 3726 3713 3701 3685 3675 3667 3659
2622 2634 2650 2663 2678 2687 2699 2716 2731 2747 2771 2792 2812 2825 2837 2850 2855 2869 2883 2897 2912 2927 2944 2958 2975 2993 3004 3019 3047 3071 3089 3104 3115 3126 3121 3119 3130 3142 3154 3169 3196 3217 3235 3248 3255 3268 3278 3276 3282 3282 3286 3295 3306 3317 3335 3362 3401 3420 3426 3457 3479 3505 3525 3549 3572 3592 3610 3632 3654 3674 3702 3729 3759 3790 3817 3786 3756 3733 3716 3701 3686 3675 3666 3658
2620 2634 2652 2672 2685 2694 2707 2725 2742 2752 2765 2780 2795 2810 2823 2840 2853 2869 2883 2897 2911 2927 2943 2957 2971 2985 2999 3013 3029 3046 3075 3100 3106 3124 3137 3144 3149 3161 3181 3196 3221 3243 3265 3278 3286 3302 3315 3306 3322 3323 3327 3331 3359 3380 3399 3428 3448 3455 3465 3495 3514 3531 3551 3581 3604 3618 3636 3656 3677 3698 3730 3771 3793 3822 3832 3803 3778 3741 3719 3701 3687 3675 3665 3658
2616 2633 2655 2677 2689 2698 2716 2734 2749 2759 2767 2782 2794 2807 2822 2841 2855 2871 2887 2900 2915 2930 2946 2959 2973 2985 2998 3013 3028 3042 3058 3073 3100 3120 3142 3156 3178 3190 3199 3222 3247 3269 3293 3319 3324 3334 3346 3343 3353 3364 3373 3388 3410 3441 3460 3472 3486 3495 3505 3524 3545 3560 3587 3598 3621 3652 3671 3687 3707 3725 3766 3806 3829 3844 3841 3825 3807 3772 3726 3701 3686 3673 3662 3656
2622 2638 2659 2675 2688 2707 2724 2739 2752 2764 2773 2782 2794 2809 2827 2845 2858 2874 2888 2903 2920 2935 2949 2963 2976 2989 3002 3018 3034 3047 3060 3073 3087 3107 3131 3156 3174 3200 3224 3249 3273 3296 3331 3353 3357 3366 3377 3380 3388 3401 3419 3438 3462 3471 3484 3503 3518 3530 3541 3554 3574 3589 3606 3632 3651 3697 3718 3736 3763 3795 3810 3829 3853 3881 3878 3864 3832 3793 3752 3708 3686 3673 3659 3652
2631 2647 2663 2678 2694 2718 2732 2746 2761 2771 2779 2785 2796 2811 2829 2846 2861 2880 2895 2910 2924 2939 2953 2967 2980 2994 3009 3025 3040 3052 3065 3078 3093 3110 3127 3148 3176 3213 3243 3272 3297 3336 3374 3384 3390 3407 3423 3417 3428 3432 3458 3481 3501 3507 3515 3534 3556 3566 3574 3586 3602 3619 3642 3666 3699 3711 3749 3787 3808 3832 3844 3857 3870 3882 3893 3875 3859 3833 3786 3741 3695 3675 3659 3650
2634 2651 2667 2685 2702 2725 2743 2754 2766 2779 2785 2789 2798 2811 2828 2844 2862 2883 2899 2912 2926 2942 2958 2971 2984 2999 3015 3032 3046 3056 3069 3085 3101 3117 3134 3151 3183 3222 3252 3280 3313 3354 3396 3413 3427 3443 3451 3454 3466 3467 3479 3505 3525 3544 3552 3569 3582 3598 3621 3635 3648 3672 3686 3708 3721 3745 3772 3802 3819 3825 3828 3837 3851 3863 3874 3891 3867 3848 3816 3766 3715 3678 3659 3650
2637 2652 2670 2692 2714 2732 2745 2756 2768 2780 2788 2797 2800 2814 2827 2840 2862 2884 2898 2912 2926 2942 2959 2973 2990 3005 3021 3038 3050 3061 3075 3091 3108 3122 3142 3158 3200 3232 3267 3304 3340 3363 3398 3423 3445 3463 3480 3483 3502 3511 3522 3535 3549 3574 3593 3617 3639 3652 3674 3687 3704 3731 3742 3757 3758 3769 3795 3806 3805 3805 3811 3822 3837 3850 3862 3877 3875 3849 3827 3793 3735 3689 3665 3651
2637 2650 2668 2694 2714 2731 2744 2756 2768 2781 2791 2799 2807 2820 2829 2839 2860 2883 2897 2909 2923 2941 2959 2976 2992 3010 3026 3042 3053 3065 3078 3098 3115 3133 3158 3190 3235 3266 3283 3318 3362 3399 3420 3444 3461 3484 3505 3519 3535 3555 3567 3578 3582 3606 3647 3682 3710 3716 3753 3772 3770 3786 3800 3808 3795 3786 3797 3796 3796 3797 3805 3816 3829 3840 3854 3870 3882 3865 3840 3817 3780 3715 3672 3649
2636 2653 2672 2695 2712 2728 2744 2755 2772 2785 2796 2806 2814 2825 2832 2840 2857 2883 2895 2908 2922 2940 2957 2980 2998 3015 3033 3051 3059 3069 3083 3102 3124 3150 3186 3237 3268 3304 3318 3354 3385 3415 3443 3465 3484 3506 3525 3546 3582 3610 3615 3630 3637 3646 3667 3722 3784 3801 3819 3830 3824 3825 3820 3799 3793 3790 3790 3790 3792 3800 3807 3814 3820 3833 3847 3864 3880 3867 3841 3822 3782 3734 3683 3648
2632 2655 2674 2689 2710 2726 2743 2757 2775 2788 2799 2810 2820 2831 2840 2846 2859 2883 2895 2908 2921 2945 2958 2982 3015 3034 3054 3068 3092 3098 3110 3132 3158 3185 3218 3258 3301 3332 3359 3383 3420 3442 3466 3497 3514 3538 3563 3590 3620 3653 3654 3674 3681 3689 3710 3753 3805 3820 3824 3818 3802 3791 3785 3784 3782 3783 3783 3784 3791 3799 3803 3807 3815 3826 3839 3859 3876 3865 3843 3820 3783 3737 3683 3649
2628 2648 2665 2677 2704 2716 2741 2762 2775 2788 2800 2811 2824 2838 2847 2854 2866 2891 2902 2933 2949 2974 2994 3022 3055 3087 3084 3099 3134 3141 3159 3176 3194 3236 3262 3297 3324 3357 3384 3408 3430 3466 3493 3528 3558 3582 3607 3629 3651 3684 3695 3718 3739 3750 3776 3803 3813 3801 3792 3781 3772 3767 3765 3766 3769 3772 3776 3779 3781 3787 3793 3800 3808 3820 3834 3855 3879 3858 3833 3808 3779 3748 3704 3650
2624 2643 2656 2672 2699 2712 2733 2764 2780 2788 2800 2814 2828 2845 2853 2863 2881 2897 2914 2938 2961 2999 3033 3066 3100 3120 3124 3144 3178 3190 3204 3219 3240 3281 3311 3325 3351 3381 3407 3430 3451 3471 3496 3535 3575 3612 3635 3649 3688 3707 3722 3761 3777 3801 3805 3797 3784 3773 3759 3754 3751 3750 3750 3752 3755 3759 3764 3768 3772 3775 3779 3788 3800 3815 3833 3853 3877 3849 3823 3796 3772 3748 3714 3659
