Cartella-risorse/aletsch_32T.asc
ncols         703
nrows         697
xllcorner     636075
yllcorner     140725
cellsize      25
NODATA_value  -9999
[rows 456 to 493 of 697, columns 84 to 167 of 703]
2925 2914 2904 2901 2894 2884 2878 2874 2873 2876 2880 2885 2892 2899 2909 2912 2916 2917 2918 2921 2929 2933 2939 2942 2942 2944 2944 2940 2928 2918 2915 2910 2902 2896 2892 2890 2888 2888 2888 2888 2890 2893 2892 2890 2887 2883 2880 2878 2877 2876 2878 2882 2885 2889 2894 2898 2907 2922 2935 2947 2958 2967 2976 2984 2992 3000 3012 3024 3037 3050 3057 3071 3090 3116 3141 3172 3214 3250 3270 3284 3309 3328 3352 3377
2921 2915 2906 2894 2879 2871 2863 2861 2861 2863 2867 2874 2883 2892 2899 2904 2908 2909 2910 2914 2922 2926 2929 2931 2930 2930 2929 2928 2912 2907 2904 2900 2893 2886 2882 2880 2879 2879 2881 2884 2886 2888 2889 2886 2884 2881 2879 2878 2876 2875 2877 2879 2881 2884 2888 2895 2907 2922 2935 2946 2956 2965 2972 2982 2993 3003 3016 3030 3046 3062 3071 3091 3115 3140 3181 3212 3250 3273 3288 3303 3323 3344 3367 3389
2900 2897 2895 2881 2865 2860 2851 2844 2845 2848 2853 2861 2872 2880 2887 2894 2900 2901 2902 2907 2912 2915 2918 2918 2916 2913 2911 2912 2895 2895 2892 2889 2881 2879 2878 2878 2877 2878 2879 2880 2882 2884 2885 2883 2881 2879 2878 2877 2875 2874 2875 2877 2877 2879 2887 2895 2907 2920 2931 2943 2953 2962 2972 2982 2994 3008 3022 3036 3053 3073 3091 3113 3135 3172 3211 3240 3272 3290 3306 3323 3342 3362 3382 3403
2901 2893 2879 2868 2857 2847 2840 2830 2830 2834 2841 2851 2860 2867 2875 2882 2887 2890 2891 2898 2901 2900 2903 2900 2897 2893 2889 2887 2882 2885 2883 2876 2874 2876 2876 2876 2876 2877 2877 2878 2879 2881 2882 2880 2879 2877 2877 2876 2874 2873 2872 2873 2873 2877 2885 2893 2903 2915 2927 2939 2949 2959 2970 2981 2994 3009 3029 3050 3067 3090 3109 3128 3156 3197 3229 3263 3287 3303 3322 3342 3359 3379 3398 3420
2895 2881 2871 2856 2847 2840 2830 2819 2818 2823 2831 2840 2848 2856 2863 2870 2875 2879 2880 2888 2890 2890 2891 2887 2882 2877 2874 2870 2873 2871 2868 2870 2872 2874 2874 2874 2875 2875 2876 2877 2878 2878 2878 2877 2876 2875 2875 2874 2873 2872 2871 2871 2871 2877 2884 2892 2899 2911 2923 2935 2946 2956 2968 2981 2994 3015 3036 3061 3086 3104 3124 3144 3178 3215 3250 3283 3302 3319 3338 3357 3375 3395 3420 3438
2889 2877 2858 2844 2834 2827 2820 2811 2809 2812 2822 2828 2837 2844 2851 2856 2863 2867 2869 2876 2879 2879 2880 2875 2869 2867 2863 2861 2863 2857 2861 2866 2870 2872 2872 2872 2873 2874 2875 2876 2875 2875 2875 2874 2873 2874 2873 2873 2872 2871 2870 2868 2869 2875 2881 2889 2896 2907 2920 2933 2945 2955 2968 2983 2997 3017 3045 3070 3097 3121 3144 3173 3209 3238 3267 3300 3316 3335 3353 3372 3391 3416 3439 3456
2882 2871 2854 2841 2825 2814 2809 2803 2801 2799 2803 2817 2825 2831 2838 2844 2850 2857 2858 2862 2868 2867 2864 2861 2858 2855 2852 2850 2851 2852 2857 2863 2867 2870 2871 2871 2872 2873 2874 2873 2872 2872 2872 2872 2871 2871 2871 2871 2870 2870 2868 2865 2868 2872 2878 2885 2894 2905 2919 2933 2945 2955 2969 2987 3009 3031 3052 3081 3110 3139 3158 3200 3231 3260 3289 3312 3330 3350 3369 3389 3409 3430 3452 3472
2871 2860 2847 2828 2813 2804 2799 2797 2795 2794 2794 2802 2812 2820 2828 2836 2843 2847 2848 2852 2855 2851 2848 2845 2844 2842 2840 2839 2842 2847 2853 2859 2862 2865 2868 2870 2871 2872 2871 2870 2869 2869 2868 2867 2867 2868 2868 2868 2868 2866 2864 2862 2865 2869 2874 2881 2891 2903 2919 2934 2946 2953 2972 2999 3029 3050 3071 3102 3146 3183 3191 3203 3252 3283 3313 3329 3345 3367 3386 3406 3426 3447 3468 3489
2864 2852 2841 2817 2805 2798 2795 2794 2792 2789 2788 2793 2802 2812 2820 2827 2834 2835 2835 2840 2837 2835 2832 2831 2830 2828 2830 2834 2837 2843 2847 2851 2857 2862 2864 2867 2870 2870 2869 2867 2865 2863 2862 2862 2863 2864 2864 2864 2864 2862 2860 2860 2862 2865 2869 2879 2891 2904 2919 2931 2945 2962 2994 3027 3056 3075 3104 3143 3181 3217 3235 3235 3266 3303 3332 3347 3363 3385 3404 3423 3444 3466 3487 3507
2858 2844 2827 2815 2802 2795 2791 2790 2788 2786 2783 2783 2791 2802 2810 2815 2819 2819 2819 2823 2822 2821 2817 2818 2818 2819 2824 2830 2833 2835 2840 2846 2852 2855 2859 2862 2866 2866 2865 2863 2860 2859 2858 2858 2859 2860 2861 2861 2860 2857 2855 2856 2857 2861 2867 2878 2893 2908 2923 2938 2957 2981 3018 3052 3084 3104 3138 3176 3220 3261 3274 3284 3301 3324 3350 3367 3382 3403 3429 3448 3467 3486 3508 3528
2841 2833 2821 2810 2801 2793 2787 2786 2785 2782 2780 2778 2778 2788 2796 2801 2802 2801 2803 2806 2803 2801 2807 2810 2810 2814 2818 2824 2824 2828 2835 2840 2845 2848 2852 2857 2861 2862 2861 2859 2854 2856 2856 2856 2857 2857 2857 2857 2855 2852 2850 2851 2853 2858 2867 2879 2896 2910 2925 2943 2971 3006 3042 3073 3110 3147 3190 3224 3269 3298 3311 3324 3328 3355 3381 3393 3405 3429 3458 3472 3489 3510 3531 3555
2839 2823 2816 2807 2799 2792 2785 2781 2781 2780 2777 2774 2773 2776 2780 2785 2786 2787 2788 2789 2788 2792 2800 2802 2805 2808 2815 2817 2817 2823 2828 2833 2839 2842 2846 2851 2855 2856 2854 2853 2850 2852 2853 2853 2854 2854 2853 2853 2851 2849 2848 2849 2851 2858 2869 2881 2897 2911 2923 2974 3010 3033 3071 3109 3149 3190 3220 3246 3290 3336 3349 3360 3366 3388 3408 3419 3438 3460 3481 3494 3512 3536 3557 3579
2829 2821 2810 2804 2797 2791 2784 2778 2777 2776 2773 2770 2767 2768 2772 2770 2772 2774 2774 2775 2779 2785 2790 2793 2798 2801 2804 2809 2816 2821 2827 2833 2836 2838 2841 2845 2848 2848 2847 2846 2845 2847 2849 2850 2851 2850 2849 2849 2847 2846 2847 2848 2852 2861 2872 2883 2895 2915 2948 2993 3036 3064 3097 3141 3173 3221 3244 3269 3308 3368 3387 3397 3405 3422 3436 3451 3470 3493 3502 3519 3535 3559 3579 3607
2826 2816 2809 2801 2794 2788 2782 2777 2773 2772 2769 2766 2763 2761 2759 2758 2762 2764 2768 2772 2775 2778 2780 2783 2787 2793 2800 2807 2815 2821 2826 2831 2834 2836 2837 2839 2840 2839 2839 2839 2841 2843 2846 2847 2846 2846 2845 2844 2844 2845 2847 2849 2856 2865 2870 2880 2897 2922 2961 3005 3052 3088 3129 3171 3209 3242 3271 3294 3330 3390 3415 3424 3437 3454 3465 3476 3505 3516 3528 3544 3563 3577 3603 3640
2820 2813 2804 2797 2791 2786 2781 2776 2772 2769 2766 2763 2760 2756 2753 2752 2755 2761 2765 2769 2770 2772 2773 2775 2779 2787 2798 2806 2813 2820 2825 2829 2831 2833 2834 2835 2836 2836 2836 2837 2839 2841 2843 2842 2841 2841 2841 2842 2845 2847 2848 2855 2863 2870 2876 2884 2896 2923 2966 3018 3075 3115 3156 3199 3235 3273 3300 3322 3361 3376 3388 3401 3448 3471 3492 3507 3523 3537 3555 3571 3585 3603 3641 3664
2810 2808 2802 2795 2790 2785 2780 2776 2772 2768 2765 2761 2757 2753 2749 2745 2747 2757 2762 2763 2764 2765 2766 2769 2776 2785 2796 2804 2812 2820 2824 2827 2828 2830 2831 2832 2833 2833 2833 2835 2837 2838 2839 2837 2837 2838 2842 2845 2847 2849 2856 2863 2869 2876 2885 2896 2912 2942 2979 3026 3096 3130 3171 3207 3236 3263 3290 3303 3325 3337 3378 3431 3487 3494 3511 3535 3547 3564 3581 3592 3610 3635 3646 3649
2799 2797 2796 2792 2787 2782 2777 2772 2769 2766 2763 2760 2755 2750 2745 2741 2740 2749 2753 2754 2756 2757 2759 2767 2775 2784 2794 2802 2811 2820 2823 2824 2826 2827 2827 2828 2830 2830 2830 2832 2834 2834 2834 2834 2838 2841 2844 2847 2851 2856 2863 2868 2872 2880 2897 2911 2924 2954 2994 3042 3098 3129 3164 3183 3202 3223 3255 3276 3306 3351 3397 3452 3488 3518 3534 3553 3566 3578 3588 3599 3612 3623 3623 3627
2795 2791 2788 2786 2781 2777 2772 2768 2764 2761 2759 2755 2750 2746 2741 2735 2731 2739 2740 2742 2746 2752 2761 2767 2774 2783 2791 2798 2807 2816 2820 2821 2823 2823 2823 2825 2826 2827 2827 2829 2830 2830 2830 2836 2841 2844 2848 2852 2857 2862 2867 2873 2877 2890 2906 2919 2939 2961 3007 3046 3083 3137 3192 3212 3235 3271 3301 3326 3354 3392 3412 3444 3481 3502 3527 3544 3558 3562 3570 3580 3587 3596 3592 3597
2788 2785 2782 2780 2775 2770 2766 2762 2760 2757 2753 2750 2745 2740 2734 2727 2722 2728 2732 2735 2743 2753 2761 2767 2773 2779 2785 2793 2803 2810 2815 2817 2820 2819 2819 2821 2823 2823 2825 2826 2826 2828 2833 2838 2842 2847 2851 2858 2863 2867 2872 2877 2886 2898 2914 2926 2939 2969 3012 3056 3095 3165 3218 3252 3275 3311 3348 3374 3399 3408 3426 3448 3472 3492 3513 3520 3535 3536 3544 3552 3556 3563 3561 3563
2779 2778 2775 2771 2766 2763 2759 2754 2753 2750 2744 2743 2741 2732 2726 2720 2714 2719 2723 2732 2742 2750 2758 2762 2767 2771 2777 2784 2794 2802 2808 2808 2804 2809 2814 2818 2820 2821 2822 2822 2826 2830 2835 2840 2846 2851 2856 2862 2868 2873 2877 2883 2895 2909 2925 2940 2954 2978 3017 3062 3111 3186 3227 3260 3285 3314 3340 3363 3379 3395 3413 3430 3452 3477 3501 3502 3512 3512 3518 3524 3525 3527 3529 3538
2770 2767 2767 2763 2757 2752 2748 2744 2745 2743 2740 2733 2726 2721 2716 2711 2706 2711 2717 2727 2738 2745 2750 2754 2758 2763 2766 2773 2787 2786 2800 2803 2799 2806 2810 2814 2815 2817 2819 2823 2827 2831 2836 2843 2849 2854 2859 2865 2872 2877 2885 2894 2903 2920 2936 2951 2965 2991 3033 3075 3127 3194 3214 3247 3282 3309 3319 3333 3350 3368 3388 3403 3426 3450 3467 3471 3478 3479 3491 3487 3493 3498 3517 3544
2763 2757 2757 2752 2745 2739 2736 2734 2735 2734 2728 2716 2717 2711 2707 2702 2699 2703 2711 2721 2730 2739 2742 2744 2746 2751 2756 2767 2780 2779 2781 2788 2795 2802 2805 2808 2811 2813 2816 2821 2827 2832 2837 2845 2853 2858 2865 2872 2877 2884 2895 2904 2911 2927 2943 2961 2978 3017 3055 3090 3126 3167 3196 3215 3252 3278 3289 3298 3313 3332 3352 3380 3398 3419 3431 3434 3441 3453 3455 3462 3469 3482 3533 3544
2756 2741 2743 2741 2732 2724 2722 2723 2724 2722 2716 2700 2701 2702 2698 2696 2693 2698 2704 2711 2719 2727 2732 2734 2738 2745 2753 2761 2768 2775 2778 2784 2793 2797 2801 2804 2806 2810 2814 2819 2825 2831 2838 2846 2855 2864 2871 2878 2887 2896 2905 2911 2919 2931 2945 2959 2995 3019 3040 3069 3093 3120 3152 3186 3212 3238 3255 3274 3288 3315 3365 3380 3382 3383 3391 3392 3398 3413 3429 3442 3452 3495 3522 3530
2743 2732 2722 2724 2717 2707 2706 2706 2707 2704 2697 2699 2692 2693 2692 2690 2687 2691 2696 2700 2707 2716 2721 2727 2734 2741 2749 2760 2765 2770 2777 2784 2788 2792 2797 2800 2804 2809 2815 2819 2824 2832 2840 2850 2861 2871 2880 2889 2896 2905 2914 2920 2929 2940 2953 2975 3019 3054 3074 3085 3102 3123 3137 3158 3187 3208 3242 3266 3295 3339 3380 3372 3367 3368 3372 3377 3384 3395 3408 3417 3445 3481 3499 3520
2717 2714 2704 2705 2700 2692 2691 2693 2692 2691 2687 2683 2684 2684 2684 2682 2682 2684 2687 2692 2699 2706 2715 2721 2730 2739 2746 2757 2764 2770 2775 2778 2784 2789 2793 2799 2805 2813 2819 2826 2834 2841 2849 2857 2867 2878 2890 2900 2906 2914 2923 2932 2941 2953 2971 2994 3040 3093 3108 3123 3139 3161 3172 3180 3195 3230 3277 3300 3344 3395 3381 3369 3362 3360 3364 3370 3376 3385 3393 3404 3427 3456 3476 3496
2704 2695 2688 2689 2686 2678 2679 2682 2681 2679 2677 2675 2675 2676 2673 2672 2672 2676 2682 2689 2696 2703 2712 2721 2733 2742 2749 2755 2763 2767 2771 2777 2782 2788 2795 2800 2813 2823 2831 2836 2842 2849 2856 2866 2878 2888 2900 2910 2917 2923 2933 2944 2956 2971 2992 3030 3072 3115 3146 3167 3180 3199 3215 3233 3263 3305 3354 3400 3413 3400 3373 3366 3360 3356 3358 3365 3371 3376 3381 3390 3418 3446 3464 3484
2690 2681 2675 2677 2675 2670 2670 2672 2673 2672 2670 2668 2666 2666 2659 2663 2666 2674 2682 2688 2695 2702 2712 2721 2733 2742 2749 2755 2759 2763 2769 2776 2783 2790 2797 2806 2820 2831 2841 2846 2851 2857 2864 2875 2887 2898 2911 2922 2929 2933 2943 2956 2976 2998 3026 3072 3116 3152 3191 3198 3234 3269 3290 3342 3406 3415 3425 3427 3395 3376 3365 3359 3356 3352 3354 3360 3364 3367 3368 3369 3405 3423 3443 3471
2676 2663 2664 2666 2663 2662 2661 2663 2664 2664 2663 2662 2660 2653 2651 2655 2663 2672 2678 2685 2694 2703 2713 2724 2734 2742 2747 2752 2756 2761 2766 2773 2782 2792 2799 2811 2823 2835 2845 2854 2859 2867 2874 2882 2897 2912 2924 2935 2940 2946 2954 2971 3002 3035 3064 3101 3146 3188 3222 3244 3286 3333 3383 3418 3443 3461 3435 3397 3380 3368 3358 3354 3351 3348 3349 3353 3356 3359 3358 3356 3362 3398 3424 3457
2658 2652 2653 2654 2652 2654 2655 2656 2656 2656 2655 2652 2647 2639 2645 2654 2663 2675 2683 2688 2697 2706 2716 2725 2734 2740 2743 2747 2750 2756 2763 2770 2780 2790 2803 2813 2824 2839 2852 2861 2869 2876 2885 2893 2900 2922 2935 2948 2956 2963 2972 3000 3032 3066 3089 3129 3171 3215 3246 3277 3315 3362 3397 3445 3474 3449 3414 3386 3371 3360 3352 3348 3345 3343 3343 3345 3348 3350 3348 3346 3354 3370 3403 3432
2648 2642 2642 2641 2641 2644 2648 2650 2650 2650 2647 2643 2635 2640 2649 2659 2669 2678 2685 2692 2700 2708 2717 2724 2731 2736 2740 2742 2746 2752 2759 2769 2779 2792 2805 2818 2833 2847 2861 2870 2878 2887 2898 2910 2923 2934 2950 2964 2974 2983 2999 3028 3061 3095 3121 3160 3202 3240 3280 3314 3351 3396 3444 3483 3470 3434 3400 3379 3362 3354 3346 3342 3339 3338 3337 3337 3339 3341 3339 3337 3337 3347 3375 3414
2638 2629 2629 2629 2631 2636 2642 2643 2643 2643 2640 2629 2636 2646 2655 2664 2672 2680 2686 2693 2700 2708 2716 2721 2726 2731 2735 2737 2742 2750 2759 2771 2782 2797 2812 2826 2843 2859 2872 2881 2889 2897 2911 2935 2951 2963 2980 2985 2994 3009 3025 3062 3098 3131 3157 3196 3232 3266 3311 3354 3397 3446 3483 3486 3458 3419 3390 3370 3356 3346 3339 3335 3332 3331 3329 3330 3332 3331 3330 3328 3332 3337 3368 3399
2629 2627 2627 2627 2628 2633 2634 2636 2636 2634 2629 2631 2642 2651 2660 2668 2676 2682 2687 2694 2701 2708 2713 2717 2722 2726 2730 2736 2745 2754 2765 2778 2791 2804 2818 2836 2854 2869 2883 2895 2903 2915 2941 2952 2969 2986 3003 3014 3021 3034 3062 3100 3134 3167 3193 3225 3261 3299 3321 3359 3400 3466 3482 3467 3447 3410 3383 3361 3349 3340 3333 3329 3325 3324 3322 3323 3325 3322 3321 3323 3329 3334 3339 3378
2626 2625 2625 2625 2628 2629 2628 2628 2628 2627 2629 2637 2647 2656 2664 2671 2678 2684 2688 2694 2700 2704 2708 2713 2718 2724 2732 2739 2749 2760 2776 2788 2800 2812 2824 2841 2860 2877 2897 2909 2918 2944 2956 2970 2985 3002 3021 3038 3048 3058 3083 3116 3172 3203 3226 3251 3286 3321 3356 3384 3430 3479 3483 3461 3440 3415 3378 3356 3343 3334 3326 3322 3318 3316 3315 3316 3317 3315 3314 3313 3311 3314 3317 3347
2623 2622 2622 2623 2625 2626 2626 2625 2625 2628 2632 2640 2650 2659 2665 2672 2679 2683 2687 2692 2697 2700 2703 2709 2715 2725 2734 2744 2756 2772 2787 2799 2810 2821 2831 2849 2874 2890 2911 2927 2945 2959 2976 2991 3005 3021 3039 3056 3073 3091 3110 3153 3201 3230 3254 3277 3303 3337 3368 3395 3450 3483 3483 3465 3447 3419 3388 3358 3334 3326 3319 3315 3311 3309 3308 3310 3310 3309 3308 3306 3304 3303 3303 3303
2619 2619 2620 2621 2623 2623 2623 2623 2627 2631 2636 2643 2652 2661 2666 2672 2678 2682 2686 2689 2692 2694 2698 2704 2717 2727 2736 2749 2766 2784 2798 2811 2821 2838 2844 2858 2879 2910 2925 2943 2959 2978 2994 3010 3027 3042 3057 3076 3094 3128 3153 3187 3221 3246 3275 3302 3317 3345 3375 3412 3463 3488 3474 3453 3437 3418 3400 3363 3321 3315 3308 3306 3303 3301 3302 3304 3303 3302 3301 3299 3297 3294 3292 3292
2614 2614 2616 2619 2620 2620 2622 2625 2629 2633 2638 2645 2654 2662 2667 2672 2676 2680 2683 2685 2687 2688 2691 2701 2720 2732 2744 2757 2782 2796 2810 2823 2839 2851 2860 2871 2887 2912 2938 2959 2978 2998 3013 3030 3046 3060 3077 3093 3113 3147 3183 3213 3243 3258 3287 3309 3334 3359 3387 3427 3473 3494 3470 3444 3424 3401 3355 3335 3306 3302 3299 3296 3294 3294 3295 3296 3294 3294 3292 3289 3287 3284 3282 3282
2608 2609 2612 2614 2616 2620 2622 2626 2630 2635 2640 2648 2655 2663 2666 2671 2674 2677 2679 2681 2684 2688 2697 2711 2724 2735 2754 2774 2790 2807 2824 2838 2851 2864 2876 2889 2909 2935 2961 2986 3004 3018 3034 3052 3066 3081 3096 3114 3140 3171 3203 3237 3261 3277 3303 3322 3348 3369 3397 3436 3472 3497 3471 3437 3393 3350 3307 3295 3292 3291 3290 3288 3286 3287 3288 3286 3285 3284 3281 3279 3277 3275 3273 3272
2602 2603 2607 2609 2613 2617 2621 2626 2631 2636 2642 2649 2656 2661 2665 2669 2671 2673 2675 2679 2686 2694 2707 2719 2730 2738 2775 2793 2806 2822 2836 2855 2868 2881 2894 2915 2948 2976 2998 3017 3038 3046 3059 3074 3088 3101 3120 3146 3174 3198 3227 3256 3282 3303 3320 3341 3362 3381 3407 3438 3471 3499 3464 3424 3358 3306 3294 3286 3282 3280 3279 3279 3279 3279 3279 3277 3275 3274 3271 3270 3268 3266 3263 3263
