Cartella-risorse/aletsch_32T.asc
ncols         703
nrows         697
xllcorner     636075
yllcorner     140725
cellsize      25
NODATA_value  -9999
[rows 342 to 379 of 697, columns 588 to 671 of 703]
3587 3569 3550 3529 3512 3497 3491 3485 3480 3477 3473 3468 3463 3461 3454 3447 3447 3447 3460 3471 3480 3487 3497 3509 3519 3519 3511 3506 3500 3493 3486 3477 3470 3462 3454 3447 3441 3434 3427 3419 3412 3405 3395 3385 3379 3376 3375 3372 3364 3357 3353 3351 3348 3343 3337 3334 3330 3322 3311 3309 3306 3304 3305 3309 3315 3332 3341 3341 3337 3327 3333 3338 3340 3324 3284 3272 3263 3253 3240 3227 3215 3204 3193 3183
3608 3592 3572 3552 3536 3521 3507 3497 3492 3488 3485 3480 3478 3486 3505 3530 3538 3509 3503 3507 3514 3523 3531 3538 3545 3527 3519 3513 3507 3501 3494 3485 3476 3468 3460 3455 3449 3443 3435 3428 3423 3415 3407 3400 3399 3398 3396 3391 3386 3380 3370 3363 3358 3353 3348 3345 3343 3337 3330 3329 3329 3332 3335 3338 3352 3361 3357 3354 3350 3346 3345 3347 3335 3307 3278 3268 3258 3248 3235 3222 3210 3198 3187 3176
3630 3612 3592 3576 3559 3545 3531 3522 3510 3504 3498 3498 3508 3544 3565 3561 3556 3552 3537 3538 3547 3560 3564 3568 3554 3537 3528 3520 3514 3508 3502 3493 3484 3476 3470 3462 3456 3449 3443 3438 3432 3426 3423 3419 3419 3416 3409 3403 3398 3391 3381 3374 3368 3363 3359 3357 3355 3355 3354 3351 3353 3358 3364 3384 3390 3387 3378 3370 3363 3357 3355 3352 3325 3293 3272 3262 3252 3242 3230 3217 3205 3191 3179 3167
3662 3641 3622 3605 3587 3570 3556 3544 3534 3529 3531 3546 3566 3576 3582 3581 3578 3574 3564 3564 3573 3579 3586 3577 3559 3545 3536 3528 3521 3514 3508 3501 3492 3485 3477 3469 3463 3457 3452 3448 3441 3438 3437 3432 3430 3425 3420 3413 3408 3401 3392 3381 3377 3374 3373 3372 3381 3388 3388 3395 3407 3417 3414 3414 3410 3405 3396 3388 3381 3372 3365 3345 3309 3280 3266 3255 3245 3235 3224 3211 3198 3184 3171 3159
3692 3667 3645 3626 3611 3597 3584 3571 3561 3558 3564 3572 3581 3591 3597 3600 3600 3599 3594 3594 3604 3613 3599 3580 3564 3552 3542 3535 3527 3521 3514 3507 3500 3491 3483 3478 3473 3467 3462 3459 3452 3449 3446 3444 3441 3434 3430 3423 3415 3408 3399 3394 3390 3388 3387 3388 3397 3410 3425 3440 3443 3441 3436 3427 3422 3415 3408 3402 3397 3388 3372 3337 3293 3272 3258 3245 3235 3226 3216 3204 3191 3176 3161 3148
3703 3681 3668 3654 3639 3624 3610 3595 3589 3586 3590 3601 3604 3609 3616 3619 3625 3628 3628 3628 3634 3624 3604 3587 3572 3558 3549 3541 3535 3528 3520 3513 3506 3500 3493 3487 3482 3477 3472 3470 3463 3459 3453 3454 3454 3448 3443 3434 3425 3417 3411 3407 3406 3404 3407 3408 3415 3442 3455 3460 3459 3454 3448 3440 3433 3425 3417 3410 3402 3386 3351 3318 3285 3265 3250 3236 3225 3216 3206 3196 3183 3168 3153 3139
3718 3706 3693 3679 3666 3651 3636 3626 3620 3620 3620 3623 3631 3638 3642 3646 3650 3652 3654 3658 3645 3628 3609 3591 3576 3564 3556 3548 3541 3534 3526 3519 3513 3508 3502 3496 3492 3487 3482 3480 3474 3489 3478 3488 3483 3474 3461 3450 3439 3432 3426 3421 3422 3423 3430 3440 3456 3469 3471 3472 3470 3465 3459 3451 3442 3432 3422 3405 3382 3350 3321 3296 3278 3259 3244 3229 3216 3207 3197 3186 3174 3162 3149 3133
3746 3734 3720 3707 3690 3678 3669 3665 3659 3652 3651 3657 3666 3669 3671 3675 3679 3680 3681 3667 3650 3632 3613 3596 3581 3570 3562 3554 3547 3540 3533 3527 3522 3516 3510 3505 3501 3497 3498 3501 3508 3517 3516 3511 3507 3501 3488 3475 3462 3451 3443 3442 3442 3442 3450 3463 3482 3485 3484 3482 3480 3475 3468 3461 3450 3439 3419 3401 3358 3329 3309 3289 3273 3255 3240 3224 3210 3198 3188 3177 3167 3155 3143 3128
3775 3760 3746 3731 3716 3705 3701 3694 3687 3681 3682 3685 3689 3693 3696 3698 3700 3693 3683 3668 3654 3637 3617 3601 3587 3576 3567 3560 3552 3546 3540 3536 3531 3525 3519 3515 3510 3511 3525 3533 3539 3539 3533 3527 3520 3513 3505 3499 3485 3472 3458 3455 3454 3455 3473 3488 3495 3496 3494 3492 3487 3483 3476 3468 3454 3438 3410 3371 3340 3318 3299 3283 3267 3252 3239 3222 3206 3191 3180 3168 3159 3148 3135 3121
3826 3807 3788 3764 3751 3744 3733 3725 3719 3714 3712 3712 3712 3713 3711 3712 3703 3694 3684 3671 3659 3641 3622 3606 3594 3582 3573 3566 3559 3553 3547 3544 3540 3534 3530 3526 3534 3546 3555 3560 3561 3554 3546 3538 3529 3522 3515 3509 3503 3496 3489 3486 3487 3494 3502 3506 3505 3505 3503 3500 3494 3489 3483 3475 3462 3434 3402 3361 3330 3310 3292 3277 3260 3248 3237 3220 3203 3185 3173 3162 3151 3141 3130 3118
3848 3827 3814 3806 3801 3790 3777 3758 3748 3741 3735 3730 3728 3724 3722 3713 3704 3695 3684 3673 3662 3644 3626 3611 3600 3589 3579 3572 3566 3560 3555 3552 3549 3544 3544 3555 3568 3578 3581 3579 3566 3557 3549 3541 3535 3528 3522 3517 3512 3509 3508 3512 3513 3514 3516 3514 3514 3512 3509 3506 3501 3496 3490 3482 3463 3437 3401 3353 3322 3302 3284 3268 3251 3241 3231 3220 3202 3183 3167 3155 3145 3136 3125 3116
3855 3840 3824 3813 3802 3793 3781 3770 3760 3752 3746 3740 3731 3723 3716 3709 3702 3694 3685 3675 3666 3650 3631 3615 3605 3595 3586 3578 3574 3569 3567 3562 3560 3562 3564 3578 3592 3596 3588 3576 3566 3554 3547 3539 3532 3529 3528 3523 3519 3519 3512 3513 3520 3520 3520 3520 3520 3517 3514 3511 3508 3503 3498 3491 3467 3438 3402 3356 3320 3294 3276 3258 3242 3230 3223 3220 3204 3181 3162 3149 3138 3130 3121 3112
3859 3842 3825 3810 3797 3786 3776 3768 3755 3744 3733 3724 3717 3711 3704 3700 3696 3690 3682 3674 3666 3655 3636 3618 3609 3601 3591 3589 3585 3582 3580 3580 3582 3589 3594 3609 3599 3592 3582 3571 3561 3549 3537 3526 3520 3520 3520 3520 3522 3520 3514 3506 3507 3514 3520 3520 3520 3520 3518 3516 3513 3509 3511 3500 3470 3442 3410 3370 3337 3310 3271 3248 3232 3219 3211 3207 3204 3181 3161 3141 3131 3123 3115 3107
3859 3842 3825 3810 3796 3785 3773 3762 3751 3739 3722 3707 3698 3692 3689 3686 3687 3686 3679 3672 3665 3654 3639 3621 3612 3603 3600 3601 3599 3601 3600 3603 3606 3606 3602 3594 3586 3582 3576 3568 3553 3538 3518 3498 3464 3438 3434 3425 3503 3504 3496 3492 3500 3503 3509 3516 3520 3520 3520 3515 3506 3501 3502 3482 3458 3438 3421 3400 3357 3326 3284 3243 3224 3212 3200 3195 3192 3159 3150 3133 3124 3117 3111 3103
3857 3842 3824 3810 3797 3784 3772 3760 3745 3729 3706 3689 3679 3675 3674 3674 3675 3677 3675 3669 3663 3653 3639 3621 3611 3604 3597 3589 3590 3589 3589 3590 3590 3588 3583 3578 3574 3571 3566 3561 3533 3497 3468 3447 3434 3428 3419 3411 3404 3399 3412 3419 3434 3457 3482 3500 3505 3506 3505 3499 3482 3475 3472 3462 3436 3418 3389 3351 3327 3307 3272 3243 3220 3205 3191 3178 3166 3152 3137 3127 3118 3111 3105 3101
3853 3839 3822 3809 3796 3783 3770 3757 3741 3707 3688 3676 3671 3666 3663 3662 3664 3668 3670 3665 3659 3641 3629 3617 3607 3598 3587 3579 3575 3574 3570 3571 3573 3572 3570 3568 3564 3560 3545 3534 3507 3466 3452 3441 3433 3425 3418 3410 3402 3394 3389 3387 3388 3395 3410 3451 3475 3487 3488 3486 3470 3455 3450 3439 3402 3395 3353 3316 3293 3277 3263 3249 3221 3203 3187 3173 3161 3146 3134 3122 3113 3105 3098 3089
3847 3832 3818 3807 3794 3781 3767 3749 3714 3693 3679 3669 3662 3658 3655 3654 3656 3659 3662 3660 3642 3626 3613 3603 3601 3590 3578 3569 3564 3559 3551 3553 3554 3557 3557 3556 3552 3545 3531 3515 3488 3458 3448 3438 3431 3424 3417 3410 3404 3398 3393 3387 3384 3389 3391 3399 3436 3463 3474 3472 3455 3440 3431 3421 3387 3342 3322 3299 3285 3274 3262 3248 3229 3208 3190 3170 3153 3138 3129 3118 3109 3100 3092 3084
3837 3824 3813 3802 3789 3774 3761 3738 3701 3689 3677 3667 3657 3651 3647 3646 3649 3649 3650 3645 3630 3615 3600 3573 3556 3554 3559 3557 3544 3533 3531 3535 3537 3539 3541 3541 3540 3530 3515 3498 3481 3454 3441 3431 3424 3418 3412 3406 3400 3395 3391 3386 3383 3382 3380 3379 3392 3428 3460 3460 3450 3425 3400 3396 3360 3318 3298 3284 3273 3267 3257 3246 3233 3215 3194 3160 3139 3130 3121 3113 3105 3095 3087 3079
3825 3814 3804 3793 3781 3768 3753 3736 3708 3690 3676 3664 3655 3646 3640 3637 3637 3637 3634 3628 3611 3596 3572 3544 3519 3514 3514 3509 3512 3502 3500 3509 3523 3523 3521 3519 3517 3511 3501 3490 3470 3445 3432 3423 3416 3409 3403 3398 3394 3389 3385 3382 3379 3376 3375 3374 3377 3394 3420 3433 3435 3424 3399 3362 3331 3304 3286 3272 3260 3260 3248 3236 3222 3207 3183 3145 3129 3122 3113 3106 3099 3091 3081 3072
3814 3805 3795 3783 3772 3761 3751 3737 3721 3698 3681 3666 3652 3640 3632 3628 3627 3626 3619 3607 3591 3557 3536 3514 3503 3496 3490 3483 3475 3472 3477 3484 3492 3496 3498 3499 3501 3495 3489 3481 3466 3435 3421 3413 3406 3399 3394 3389 3385 3381 3379 3377 3375 3373 3370 3370 3369 3370 3380 3400 3401 3400 3391 3362 3324 3297 3279 3262 3249 3244 3235 3217 3198 3185 3171 3137 3120 3112 3105 3098 3091 3084 3074 3063
3805 3796 3785 3774 3764 3754 3746 3736 3724 3705 3686 3670 3646 3633 3623 3618 3617 3614 3603 3581 3556 3538 3523 3504 3490 3481 3472 3464 3456 3448 3445 3442 3449 3460 3467 3480 3487 3483 3478 3470 3456 3426 3410 3402 3395 3389 3384 3380 3377 3375 3375 3373 3371 3369 3366 3365 3364 3362 3355 3357 3361 3367 3372 3350 3315 3285 3270 3254 3238 3224 3220 3203 3187 3175 3162 3132 3116 3104 3097 3090 3083 3076 3065 3054
3799 3789 3779 3768 3756 3747 3738 3731 3721 3708 3692 3668 3641 3620 3611 3606 3606 3602 3586 3568 3540 3523 3510 3493 3479 3470 3458 3445 3436 3428 3423 3419 3416 3413 3419 3441 3469 3470 3468 3462 3449 3416 3399 3390 3383 3378 3375 3373 3370 3370 3371 3369 3368 3366 3363 3361 3359 3354 3348 3341 3334 3330 3335 3342 3313 3282 3261 3247 3232 3217 3204 3191 3177 3168 3160 3129 3112 3099 3089 3081 3073 3065 3056 3048
3794 3785 3774 3762 3751 3740 3731 3723 3710 3691 3663 3627 3602 3595 3595 3595 3595 3590 3565 3542 3525 3510 3497 3483 3472 3463 3445 3431 3421 3416 3410 3404 3398 3394 3393 3399 3428 3452 3453 3450 3443 3418 3389 3376 3371 3369 3366 3366 3364 3366 3366 3365 3364 3362 3359 3355 3352 3348 3342 3333 3326 3313 3303 3299 3314 3285 3252 3238 3227 3215 3204 3188 3170 3157 3139 3125 3109 3096 3084 3073 3068 3062 3050 3037
3794 3786 3774 3760 3746 3733 3722 3706 3681 3651 3623 3597 3583 3582 3583 3584 3584 3578 3551 3530 3510 3497 3488 3476 3466 3455 3435 3420 3413 3408 3399 3393 3387 3383 3379 3376 3386 3412 3427 3429 3430 3420 3376 3361 3358 3357 3356 3357 3359 3361 3361 3361 3360 3358 3354 3349 3346 3342 3335 3326 3317 3306 3296 3286 3275 3272 3253 3239 3231 3218 3204 3188 3167 3149 3135 3124 3107 3091 3080 3067 3060 3054 3046 3033
3771 3796 3777 3760 3742 3727 3709 3684 3654 3625 3604 3590 3579 3574 3574 3572 3569 3563 3549 3530 3505 3491 3480 3468 3459 3444 3429 3416 3408 3400 3392 3383 3378 3373 3369 3366 3365 3359 3375 3403 3402 3396 3349 3346 3347 3346 3346 3347 3350 3353 3354 3355 3353 3351 3348 3344 3340 3335 3328 3319 3311 3302 3292 3283 3274 3266 3256 3247 3235 3222 3202 3183 3158 3140 3127 3115 3102 3087 3074 3062 3052 3045 3038 3025
3768 3798 3800 3768 3743 3721 3701 3668 3643 3620 3598 3588 3579 3570 3564 3559 3553 3548 3534 3525 3505 3489 3477 3466 3455 3444 3430 3415 3404 3394 3383 3375 3369 3364 3360 3357 3354 3351 3353 3339 3337 3343 3335 3335 3336 3336 3336 3338 3342 3345 3346 3347 3346 3345 3341 3337 3333 3328 3320 3314 3306 3298 3291 3282 3274 3267 3260 3250 3240 3223 3202 3171 3149 3133 3121 3109 3098 3086 3073 3061 3050 3040 3031 3022
3736 3765 3784 3776 3754 3719 3690 3655 3634 3617 3598 3586 3576 3569 3562 3553 3545 3538 3530 3520 3505 3489 3475 3464 3454 3444 3431 3415 3401 3388 3376 3367 3359 3356 3354 3350 3347 3344 3340 3337 3332 3328 3327 3326 3326 3326 3326 3326 3330 3334 3338 3340 3339 3338 3334 3330 3326 3320 3314 3307 3300 3294 3287 3280 3273 3266 3259 3249 3237 3220 3200 3164 3142 3131 3116 3107 3096 3086 3073 3060 3049 3038 3027 3016
3702 3737 3756 3758 3751 3719 3688 3651 3629 3612 3595 3581 3573 3565 3557 3549 3539 3532 3524 3513 3499 3485 3473 3462 3451 3441 3427 3411 3396 3381 3370 3360 3354 3351 3348 3344 3341 3338 3336 3333 3330 3325 3321 3318 3318 3317 3316 3316 3317 3321 3325 3327 3329 3328 3325 3322 3318 3313 3307 3301 3295 3289 3282 3276 3270 3263 3255 3244 3232 3213 3192 3158 3141 3120 3110 3101 3094 3085 3074 3059 3049 3038 3027 3015
3687 3706 3726 3743 3751 3726 3684 3650 3626 3610 3594 3580 3570 3562 3552 3543 3534 3525 3516 3504 3493 3481 3470 3459 3447 3436 3420 3405 3390 3376 3365 3355 3348 3344 3342 3339 3337 3335 3333 3330 3326 3323 3318 3314 3312 3311 3307 3305 3304 3306 3311 3315 3318 3318 3316 3313 3309 3306 3300 3295 3289 3283 3277 3271 3264 3257 3247 3236 3222 3204 3184 3161 3134 3114 3103 3096 3089 3083 3072 3060 3050 3039 3032 3022
3684 3703 3722 3736 3750 3726 3679 3647 3626 3610 3596 3580 3569 3559 3548 3538 3528 3519 3505 3495 3487 3477 3468 3458 3445 3429 3413 3398 3384 3371 3359 3350 3342 3339 3338 3336 3334 3332 3330 3327 3324 3320 3314 3310 3307 3304 3300 3297 3295 3293 3296 3301 3305 3306 3305 3304 3301 3297 3293 3288 3283 3278 3271 3265 3259 3249 3239 3224 3209 3189 3165 3138 3116 3107 3097 3090 3084 3077 3066 3054 3044 3034 3025 3021
3673 3697 3710 3724 3747 3724 3681 3654 3631 3613 3597 3581 3569 3558 3548 3536 3524 3513 3501 3491 3483 3473 3465 3454 3442 3423 3406 3393 3380 3366 3356 3347 3339 3336 3335 3333 3331 3329 3327 3324 3321 3316 3311 3305 3301 3298 3295 3292 3289 3285 3283 3284 3290 3293 3293 3292 3290 3288 3284 3280 3276 3270 3264 3258 3250 3241 3227 3212 3190 3169 3144 3124 3110 3100 3092 3085 3079 3071 3062 3050 3039 3028 3018 3009
3659 3676 3691 3724 3744 3721 3689 3670 3644 3617 3597 3585 3572 3561 3549 3536 3524 3511 3500 3490 3480 3470 3461 3448 3436 3418 3399 3386 3374 3360 3352 3345 3338 3335 3332 3330 3328 3326 3324 3322 3317 3312 3306 3301 3296 3293 3290 3287 3283 3279 3274 3273 3274 3275 3277 3279 3278 3276 3274 3270 3266 3261 3256 3249 3242 3230 3217 3203 3177 3157 3135 3119 3106 3095 3086 3080 3072 3065 3055 3043 3032 3024 3017 3001
3639 3656 3684 3718 3741 3731 3714 3694 3667 3630 3610 3593 3578 3565 3553 3538 3525 3512 3500 3488 3475 3465 3456 3443 3429 3416 3398 3380 3366 3356 3350 3342 3338 3334 3331 3328 3326 3324 3321 3318 3313 3307 3301 3295 3290 3287 3284 3282 3278 3275 3269 3264 3260 3260 3262 3263 3263 3263 3261 3258 3254 3251 3246 3241 3232 3222 3206 3188 3171 3151 3130 3115 3102 3090 3081 3071 3062 3056 3048 3038 3026 3015 3005 2995
3622 3654 3684 3716 3740 3738 3726 3706 3682 3649 3629 3611 3590 3573 3556 3542 3527 3514 3501 3486 3469 3458 3449 3438 3425 3411 3395 3375 3361 3353 3347 3340 3337 3334 3330 3327 3324 3322 3319 3313 3308 3302 3296 3290 3285 3282 3278 3276 3273 3269 3265 3260 3255 3251 3250 3250 3249 3249 3247 3245 3243 3240 3235 3228 3219 3211 3199 3187 3172 3153 3130 3114 3100 3086 3075 3064 3054 3045 3037 3028 3019 3010 3001 2989
3621 3649 3668 3690 3725 3734 3728 3720 3692 3669 3648 3630 3613 3588 3567 3551 3536 3520 3502 3484 3466 3451 3444 3433 3420 3406 3391 3374 3361 3353 3345 3339 3336 3333 3330 3327 3323 3320 3315 3309 3303 3297 3291 3284 3280 3277 3274 3270 3267 3264 3260 3257 3253 3248 3243 3239 3238 3236 3234 3232 3229 3226 3222 3215 3207 3199 3191 3181 3176 3162 3147 3119 3100 3083 3071 3060 3050 3040 3032 3023 3013 3001 2992 2982
3614 3631 3653 3675 3697 3723 3726 3715 3695 3678 3660 3643 3626 3603 3578 3563 3547 3529 3507 3478 3459 3448 3434 3422 3413 3401 3388 3374 3363 3355 3347 3339 3335 3331 3328 3325 3322 3319 3313 3305 3298 3292 3285 3279 3276 3273 3269 3266 3263 3259 3257 3254 3250 3246 3242 3237 3231 3228 3226 3219 3214 3210 3206 3200 3194 3186 3178 3170 3164 3166 3162 3141 3109 3083 3070 3059 3049 3039 3029 3020 3008 2997 2983 2972
3595 3615 3638 3665 3693 3742 3732 3708 3684 3667 3648 3630 3616 3604 3587 3571 3553 3532 3508 3483 3467 3450 3434 3422 3409 3398 3385 3374 3365 3356 3349 3342 3336 3331 3327 3323 3321 3315 3307 3300 3293 3287 3281 3275 3272 3269 3265 3262 3259 3257 3254 3251 3248 3243 3239 3234 3229 3223 3218 3210 3202 3195 3188 3183 3177 3172 3164 3157 3151 3149 3162 3154 3117 3082 3063 3048 3037 3028 3023 3014 3004 2993 2977 2965
3576 3609 3634 3665 3696 3736 3732 3701 3676 3660 3635 3617 3597 3583 3574 3567 3551 3530 3513 3494 3478 3460 3433 3420 3409 3398 3387 3377 3367 3357 3350 3343 3337 3332 3327 3323 3317 3309 3302 3295 3289 3282 3277 3272 3267 3265 3261 3258 3256 3254 3252 3249 3245 3242 3237 3231 3226 3221 3212 3203 3193 3184 3174 3167 3161 3157 3152 3145 3138 3131 3131 3134 3111 3078 3057 3045 3023 3013 3007 3001 2993 2984 2971 2958
